[
	[0,31467829,39828532,35031048,12518778,22510636,12357350,12735548,43368962,29992091,3814874,23471724,15783390,16129480,32591368,24256453,30903073,22405561,20806776,34849625],
	[31467829,0,48021249,42551811,26123101,30373356,23172603,21361453,42515376,36523733,10116514,37436484,32692542,22970650,31068756,37231617,39902740,25840946,27346901,37286393],
	[39828532,48021249,0,44473923,19910421,32293957,25321094,19849458,45235919,38480352,14318498,39770863,35337446,26392163,36284657,34448700,45622642,22744378,32308014,40538737],
	[35031048,42551811,44473923,0,23999660,18698253,19354435,18560074,44603551,41445393,10008049,28449393,24302005,31134111,30188381,43903627,40101793,33436649,34848724,32671268],
	[12518778,26123101,19910421,23999660,0,16619211,17404798,11775428,29949176,34302373,15734009,25297844,20866594,24893950,10100418,27375326,16928386,29702628,12477406,14852886],
	[22510636,30373356,32293957,18698253,16619211,0,16521931,12598019,27276082,14336009,6091205,21309484,12669063,15871799,18778883,11982996,24889735,4664765,16509043,27766127],
	[12357350,23172603,25321094,19354435,17404798,16521931,0,29495667,21213748,28320882,4467332,40675131,45723311,19285906,9950765,22396287,13073210,25753730,14439270,20572182],
	[12735548,21361453,19849458,18560074,11775428,12598019,29495667,0,24578350,27966347,8783928,31416920,33867028,14742859,16771004,22519423,16633611,27473264,23461578,11958354],
	[43368962,42515376,45235919,44603551,29949176,27276082,21213748,24578350,0,42898814,13610061,30450584,25469982,24227057,37901092,41330531,39139609,34715332,27568755,40445737],
	[29992091,36523733,38480352,41445393,34302373,14336009,28320882,27966347,42898814,0,23896849,36467215,34865880,37255377,28681633,47870513,33204161,50000000,29948446,26800426],
	[3814874,10116514,14318498,10008049,15734009,6091205,4467332,8783928,13610061,23896849,0,10200523,10581769,28645620,0,16070330,16114798,20440199,25867857,328807],
	[23471724,37436484,39770863,28449393,25297844,21309484,40675131,31416920,30450584,36467215,10200523,0,49585150,25957609,20704828,33698754,23305583,33446875,20748150,29563775],
	[15783390,32692542,35337446,24302005,20866594,12669063,45723311,33867028,25469982,34865880,10581769,49585150,0,22015073,19767916,26922189,19836127,30041269,18692146,17847923],
	[16129480,22970650,26392163,31134111,24893950,15871799,19285906,14742859,24227057,37255377,28645620,25957609,22015073,0,10657850,29257853,24645789,36230010,27864006,11284149],
	[32591368,31068756,36284657,30188381,10100418,18778883,9950765,16771004,37901092,28681633,0,20704828,19767916,10657850,0,22129285,36345896,14432106,28473863,31355070],
	[24256453,37231617,34448700,43903627,27375326,11982996,22396287,22519423,41330531,47870513,16070330,33698754,26922189,29257853,22129285,0,33193753,43918928,22753130,19743583],
	[30903073,39902740,45622642,40101793,16928386,24889735,13073210,16633611,39139609,33204161,16114798,23305583,19836127,24645789,36345896,33193753,0,21648379,33382966,33544164],
	[22405561,25840946,22744378,33436649,29702628,4664765,25753730,27473264,34715332,50000000,20440199,33446875,30041269,36230010,14432106,43918928,21648379,0,25572845,18721852],
	[20806776,27346901,32308014,34848724,12477406,16509043,14439270,23461578,27568755,29948446,25867857,20748150,18692146,27864006,28473863,22753130,33382966,25572845,0,27387182],
	[34849625,37286393,40538737,32671268,14852886,27766127,20572182,11958354,40445737,26800426,328807,29563775,17847923,11284149,31355070,19743583,33544164,18721852,27387182,0]
]